106628
106636
106645
106653
106684
106700
106703
106780
107141
107149
107165
107191
107204
107205
107279
107678
107694
107695
107711
107829
108172
108173
108196
108199
108237
108300
108303
108335
108340
108341
108686
108716
108727
108740
108748
108812
108813
108823
108828
108847
109213
109215
109220
109230
109244
109324
109332
109343
109709
109716
109748
109837
109853
110221
110260
110262
110268
110270
110349
110356
110359
110364
110382
110390
110742
110756
110759
110767
110796
110797
110860
110887
110893
111262
111276
111279
111292
111389
111405
115340
115365
115375
115404
115477
115494
115500
115892
115893
116005
116020
116358
116359
116367
116391
116412
116421
116510
116871
116917
116942
117013
117037
117389
117396
117412
117420
117540
117541
117550
117551
117895
117909
117911
117949
118031
118037
118061
118070
213276
213288
213291
213321
213323
213340
213352
213371
213372
213373
213385
213533
213534
213593
213610
214285
214316
214335
214348
214363
214399
214411
214428
214575
214601
214602
214605
214606
214607
215307
215320
215326
215369
215388
215433
215609
215646
215658
215663
216334
216349
216365
216376
216409
216426
216619
216652
217384
217388
217400
217418
217437
217468
217481
217483
217496
217497
217641
217658
218378
218398
218412
218427
218488
218506
218509
218527
218654
218700
218702
218713
218716
218717
218729
219422
219423
219435
219464
219482
219513
219517
219518
219534
219676
219679
219722
220424
220459
220476
220494
220495
220538
220542
220557
220697
220700
220719
220731
220733
220744
220745
220747
220764
220777
221453
221502
221503
221512
221532
221547
221583
221736
221738
221743
221759
221784
221801
221803
222474
222479
222492
222504
222505
222541
222588
222618
222622
222623
222750
222763
222797
222812
222826
222827
230665
230734
230760
230762
230767
230937
230953
230954
230958
230968
230986
231002
231023
231704
231710
231723
231725
231775
231802
231804
231817
231818
231838
231978
231994
231997
232010
232714
232730
232745
232750
232780
232783
232798
232826
232828
232841
233019
233055
233064
233065
233067
233071
233737
233772
233786
233787
233834
233848
233882
234013
234029
234062
234077
234092
234094
234760
234809
234811
234812
234847
234858
234861
234862
234872
234894
234895
234905
234907
235032
235051
235081
235118
235119
235787
235790
235791
235806
235819
235834
235864
235871
235931
236089
236095
236104
236105
236122
236127
236137
236138
26661
26670
26801
26803
26929
27044
27046
27054
27079
27084
27085
27170
27178
27185
27186
27203
27204
27211
27425
27429
27433
27437
27440
27463
27465
27466
27563
27590
27593
27681
27682
27691
27692
27696
27697
27720
27814
27816
27820
27844
27846
28838
28871
28971
28977
29004
29107
29220
29222
29252
29258
29346
29347
29348
29359
29382
29481
29482
29488
29489
29508
426515
426520
426521
426544
426552
426553
426554
426588
426615
426621
426622
426645
426647
426651
426677
426718
426769
426802
427059
427070
427123
427133
427134
427154
427156
427165
427189
427199
427227
428569
428574
428599
428602
428606
428624
428670
428724
428727
428752
428754
428757
428786
428789
428831
429106
429109
429144
429148
429172
429202
429203
429238
429275
429279
430614
430649
430673
430677
430737
430747
430779
430813
430814
430833
430835
430837
430839
430843
430898
430900
430905
430910
431159
431199
431222
431228
431249
431255
431282
431285
431289
431295
431322
431323
431324
431326
432667
432692
432720
432731
432762
432766
432790
432794
432798
432818
432823
432855
432860
432883
432895
432927
432945
433208
433209
433239
433272
433296
433298
433304
433307
433308
433330
434713
434738
434769
434770
434773
434783
434814
434834
434840
434847
434872
434897
434900
434903
434909
434939
434969
435002
435253
435255
435290
435293
435316
435346
435350
435358
435383
435410
435412
436762
436793
436829
436858
436860
436884
436889
436949
436951
436954
436959
436991
437008
437022
437043
437306
437330
437360
437431
437456
438811
438864
438872
438873
438878
438901
438909
438939
438963
439024
439028
439032
439056
439090
439094
439101
439344
439356
439357
439409
439417
439418
439419
439444
439480
439506
439509
439511
440848
440856
440893
440917
440920
440945
440955
440977
440981
440989
441013
441017
441044
441048
441079
441116
441138
441146
441149
441431
441457
441490
441496
441555
441561
442905
442929
442962
442966
442967
442969
442999
443003
443039
443058
443059
443099
443125
443132
443135
443152
443163
443194
443442
443451
443452
443477
443484
443540
443541
443545
443551
443600
443609
444947
444954
444976
444979
444980
444982
444990
445021
445041
445050
445054
445078
445082
445116
445139
445176
445177
445202
445213
445247
445494
445495
445500
445521
445527
445529
445594
445624
445655
461370
461396
461398
461426
461431
461438
461465
461467
461468
461471
461493
461522
461525
461566
461620
461628
461630
461872
461884
461916
461937
461945
461947
461951
461970
461972
461974
461976
461979
462005
462011
462037
462040
462042
463377
463387
463418
463420
463440
463443
463483
463508
463517
463548
463568
463569
463572
463575
463601
463608
463637
463667
463670
463671
463925
463927
463933
463955
463957
463987
463996
464062
464086
464093
465461
465468
465503
465532
465534
465552
465554
465593
465628
465649
465656
465657
465713
465972
465973
465977
465983
466036
466068
466075
466076
466108
466131
466133
467506
467519
467538
467548
467580
467582
467602
467610
467613
467633
467642
467670
467675
467696
467706
467738
467762
467768
468048
468055
468058
468062
468094
468113
468150
468154
468155
468182
468187
469565
469616
469620
469621
469628
469630
469631
469649
469653
469661
469687
469689
469783
469787
469810
470065
470067
470070
470072
470079
470098
470136
470137
470167
470168
470234
470236
470238
471642
471646
471647
471668
471676
471710
471733
471736
471762
471769
471802
471826
471859
471860
471870
472127
472148
472179
472190
472191
472220
472247
472274
472276
472281
53322
53327
53335
53382
53574
53583
53591
53638
53826
53827
53851
53858
53906
53914
54082
54091
54099
54115
54150
54354
54366
54407
54414
54426
54614
54631
54675
54854
54855
54887
54919
54923
54939
55111
55118
55362
55378
55379
55434
55647
57675
57686
57955
57998
58186
58206
58263
58455
58466
58511
58522
58723
58771
58967
58975
58982
853029
853091
853155
853284
853288
853344
853411
853420
853537
853548
853550
853601
853613
853619
854185
854241
854246
854247
854440
854443
854447
857188
857189
857254
857262
857274
857275
857383
857384
857445
857643
858223
858401
858414
858417
858467
858540
858541
861223
861344
861352
861408
861411
861474
861475
861600
861601
861610
862441
862442
862512
862517
862560
862565
862571
865444
865448
865453
865507
865509
865568
865574
865699
865761
865762
865828
865894
865899
866408
866409
866472
866479
866530
866532
866594
866597
869416
869479
869480
869482
869486
869487
869489
869536
869537
869539
869601
869603
869604
869609
869613
869730
869731
869738
869857
869859
869864
870500
870572
870636
870692
870755
870765
873508
873570
873576
873582
873634
873635
873643
873701
873702
873824
873827
873830
873902
873962
874017
874087
874096
874659
874664
874665
874723
874727
874785
874786
874789
874925
877601
877666
877728
877729
877794
877867
877920
877926
877928
877932
877987
877993
877995
878060
878063
878112
878118
878121
878196
878692
878768
878816
878820
878960
879010
879014
879019
881766
881769
881833
881891
881892
882020
882083
882089
882097
882147
882154
882210
882276
882784
882848
882981
882983
882992
882993
882996
883043
883047
883105
883106
885793
885856
885859
885860
885869
885923
885991
886054
886187
886195
886246
886315
886316
886370
886375
886379
886386
887014
887080
887138
889897
889898
889901
889959
890081
890210
890220
890272
890274
890279
890289
890401
890402
890464
890473
890474
891002
891040
891047
891107
891111
891172
891174
891237
922665
922785
922792
923044
923177
923181
923757
923874
923886
924001
924008
924017
926963
927008
927016
927017
927141
927145
927202
927205
927270
927271
927273
927851
927910
927981
928038
928101
928104
928107
930920
930980
930986
931047
931048
931108
931115
931172
931250
931434
931937
931939
931947
931950
932000
932007
932064
932128
932130
932131
932132
932137
932141
932144
932147
932261
934958
935074
935079
935137
935141
935145
935200
935210
935267
935343
935344
935524
935526
936096
936098
936101
936165
936168
936355
936356
939046
939049
939051
939118
939125
939126
939131
939172
939175
939307
939368
939375
939445
939558
939617
940131
940450
940457
940460
943275
943395
943526
943534
943648
943649
943719
944296
944298
944299
944356
944358
944367
944370
944372
944483
944490
